
orderByUserId 108
Bala 2 838,703
S.RAHUL KANNA  14 318,1038,248,298,298,268,493,428,303,443,213,458,481,189
Tharungee 9 483,298,1348,1468,588,248,2583,218,686
Dharshan.I 3 485,728,152
Kamesh shivan  9 348,138,188,188,224,794,208,853,198
Kavin R 4 468,258,118,163
Rithiesh 5 423,568,138,296,138
Jayadev 2 4120,1113
C.Bala 3 315,203,60
mathinilavan  3 163,610,152
Praveen 3 668,253,155
VIJAYARAJ T 7 458,418,628,263,133,334,266
JeevanKumar 5 188,218,208,298,183
Vishal  3 628,628,728
Baasim Hyder  6 390,321,358,298,263,726
BHUVAN 8 120,839,318,658,478,753,393,278
Manoj Kumar D 9 438,433,218,323,553,408,363,320,363
Eniyavan M 3 378,728,893
Mani 2 788,1003
Ram 4 708,468,328,548
Monish  7 658,628,718,678,728,618,798
Kavi raj.V 4 578,398,428,248
Lokesh 2 358,223
Nithin Prasannna N 7 228,218,228,208,228,198,458
Sarravanamuthu  2 203,177
Santosh RB 7 563,638,138,572,968,973,844
Viswa 2 123,208
Mukesh T 4 383,318,338,408
Thirupathi Raja P  2 108,118
Mukilan  4 288,821,314,625
Azeem 2 1258,838
S.Abraham 7 152,123,145,133,133,383,163
Prabu 3 41,564,292
SIBI KARTHIKEYAN R 3 649,218,411
Mughilan A 2 778,773
Kathir Lakshman 9 888,173,313,398,788,318,340,153,391
Karthikeyan  2 798,943
Sai rohith  9 418,1513,998,483,523,458,478,383,423
Agilarasu 2 203,307
Srikanth M 4 278,353,263,253
Rahul P 8 168,138,213,210,193,193,298,343
Manu 2 338,428
Rohith Srinivas  4 565,418,1028,903
Iniyavan 2 1078,648
Kavin Sasikumar 2 568,273
Tamil Mukilan 👑 4 678,1038,388,218
Sivanesh  3 213,386,268
Rithika kannan 2 123,633
Abhimanyoo 5 318,1138,238,485,218
Vetri 4 238,307,362,375
Kaviselvan 2 343,330
Kishore Janarthanan  2 223,162
Jegan M 2 1112,348
Sabari 2 178,338
Prasanna 2 320,348
Mithrajith 2 93,123
Jayadev +919344421426 2
Mani +919342221602 2
Lokesh +919345369690 2
Sarravanamuthu  +919360638535 2
Viswa +919962882296 2
Azeem +918825417086 2
SIBI KARTHIKEYAN R +918525997767 2
Mughilan A +919363247748 2
Karthikeyan  +918056648892 2
Agilarasu +917339485516 2
Manu +918190002010 2
Iniyavan +919043596799 2
Sivanesh  +916374053352 2
Vetri +918248117362 2
Kishore Janarthanan  +919345637164 2
Dharshan.I +916381911509 3
C.Bala +918122770319 3
mathinilavan  +919344508206 3
Praveen +918015499308 3
Vishal  +919944898440 3
Eniyavan M +917550227482 3
Mukesh T +919094975888 3
Mukilan  +919994693203 3
Srikanth M +918667219029 3
Rohith Srinivas  +919361895276 3
Tamil Mukilan 👑 +918678983515 3
Kavin R +918838628748 4
Ram +916382586634 4
Kavi raj.V +919025894389 4
Rithiesh +918056930177 5
JeevanKumar +919443619541 5
Monish  +919384931405 5
Rahul P +919344382461 5
Abhimanyoo +918870527085 5
Baasim Hyder  +919894094121 6
Nithin Prasannna N +916379353778 6
Santosh RB +919360520903 6
S.Abraham +918667249809 6
VIJAYARAJ T +919342247864 7
Sai rohith  +918825699596 7
Tharungee +918610772852 8
Kamesh shivan  +918807043982 8
BHUVAN +919791464243 8
Manoj Kumar D +916381484040 8
Kathir Lakshman +919500903132 8
S.RAHUL KANNA  +916382457994 12
